2 0.380045 0.432887 0.023845 0.03012
2 0.294076 0.454083 0.061069 0.04498
2 0.197132 0.754351 0.394265 0.481928
6 0.424385 0.283021 0.01255 0.056894
6 0.453043 0.289904 0.010454 0.036435
6 0.552924 0.287863 0.010241 0.042749
6 0.587023 0.28378 0.010241 0.042749
6 0.110944 0.09672 0.030748 0.092593
6 0.216472 0.064558 0.029706 0.113052
6 0.326079 0.053659 0.025527 0.10241
6 0.708133 0.038599 0.02864 0.077198
6 0.68659 0.126116 0.026544 0.105199
6 0.484952 0.362249 0.010241 0.042749
2 0.411634 0.428804 0.023845 0.03012