2 0.329217 0.40946 0.023845 0.03012
2 0.068486 0.442927 0.067972 0.051673
2 0.18772 0.731481 0.375439 0.518742
6 0.376067 0.255132 0.01255 0.056894
6 0.404725 0.262015 0.010454 0.036435
6 0.507116 0.264436 0.010241 0.042749
6 0.541215 0.260353 0.010241 0.042749
6 0.035015 0.060799 0.030748 0.092593
6 0.147026 0.041946 0.035141 0.083891
6 0.272528 0.029674 0.026355 0.059349
6 0.657932 0.032463 0.02613 0.064926
6 0.632938 0.118864 0.022151 0.090696
6 0.438517 0.332129 0.010241 0.042749
2 0.365826 0.40203 0.023845 0.03012