2 0.049981 0.898466 0.099962 0.201216
2 0.570595 0.087238 0.0251 0.053548
2 0.541002 0.057497 0.02741 0.040919
2 0.503351 0.078135 0.019026 0.031593
2 0.417068 0.130009 0.040989 0.048327
0 0.655309 0.201026 0.047691 0.19411
0 0.028112 0.271865 0.034513 0.159527
0 0.304217 0.172021 0.020708 0.071397
7 0.617658 0.23784 0.021335 0.093708
0 0.324611 0.161423 0.018825 0.070281
5 0.483898 0.093753 0.02741 0.048728
0 0.11053 0.27336 0.034513 0.159527
0 0.286232 0.176863 0.020708 0.071397
6 0.640876 0.036814 0.056476 0.073628