2 0.441227 0.406671 0.046637 0.05502
0 0.852033 0.697456 0.072164 0.412762
0 0.030936 0.372825 0.026355 0.124944
7 0.654681 0.607095 0.021335 0.093708
0 0.297314 0.393463 0.016943 0.072512
6 0.461408 0.143574 0.139307 0.117135
5 0.505026 0.400167 0.030735 0.047947
2 0.590161 0.426015 0.032405 0.049799
2 0.561716 0.39218 0.026544 0.041611
0 0.960373 0.696899 0.079255 0.422802
0 0.008766 0.357396 0.016729 0.122334
0 0.090656 0.417637 0.027397 0.13349
0 0.337061 0.398304 0.016943 0.072512
6 0.671417 0.398672 0.06693 0.100022