2 0.60699 0.154172 0.0251 0.053548
2 0.57426 0.124431 0.02741 0.040919
2 0.534413 0.143954 0.020909 0.03311
2 0.366867 0.355355 0.040989 0.048327
0 0.677585 0.534025 0.054593 0.264391
0 0.235505 0.366689 0.01255 0.070281
7 0.582518 0.540161 0.021335 0.093708
2 0.513598 0.158824 0.026142 0.046475
0 0.257781 0.359996 0.016943 0.072512
2 0.548011 0.130756 0.020068 0.037952
6 0.385479 0.077755 0.139307 0.117135
5 0.439552 0.356281 0.034099 0.049465
2 0.520407 0.372847 0.040989 0.048327
2 0.493945 0.342537 0.024034 0.02934
6 0.600088 0.339357 0.056476 0.073628