2 0.60699 0.154172 0.0251 0.053548
2 0.57426 0.124431 0.02741 0.040919
2 0.534413 0.143954 0.020909 0.03311
2 0.445306 0.18021 0.040989 0.048327
0 0.744729 0.31091 0.054593 0.264391
0 0.042451 0.291946 0.032191 0.148371
0 0.325238 0.218318 0.01506 0.085899
7 0.666604 0.319277 0.021335 0.093708
0 0.343436 0.211624 0.018825 0.070281
5 0.517991 0.158266 0.034927 0.045359
0 0.122973 0.307753 0.03932 0.165841
0 0.306313 0.215908 0.020708 0.071397
2 0.548011 0.130756 0.020068 0.037952
0 0.016096 0.286747 0.032191 0.148371
6 0.687939 0.096162 0.056476 0.073628