5 0.07665 0.817492 0.153301 0.365016
6 0.445407 0.236167 0.072164 0.036814
0 0.788968 0.507251 0.045181 0.210843
2 0.376086 0.521586 0.18194 0.202253
2 0.505441 0.342336 0.020294 0.043887
2 0.533892 0.353871 0.020294 0.043887
5 0.467583 0.354797 0.026556 0.04498
0 0.097452 0.398483 0.01506 0.05801
2 0.417696 0.372088 0.037224 0.043864
5 0.145457 0.527332 0.285517 0.242079
0 0.561496 0.405734 0.016943 0.04797
0 0.069321 0.404808 0.015274 0.063967
0 0.351908 0.390116 0.013178 0.045739
0 0.365926 0.383802 0.013178 0.045739
7 0.555221 0.450915 0.018198 0.044623