2 0.219817 0.740612 0.438002 0.516923
6 0.628539 0.280054 0.009613 0.042749
6 0.59476 0.272992 0.01191 0.043485
5 0.257053 0.437349 0.071109 0.040518
6 0.520821 0.348483 0.009613 0.042749
6 0.462676 0.271888 0.009613 0.042749
6 0.493637 0.273382 0.009613 0.042749
0 0.160203 0.458166 0.02761 0.054663
2 0.329317 0.425257 0.063379 0.040161
2 0.418637 0.420616 0.025728 0.034583
6 0.167733 0.087238 0.028865 0.093708
6 0.264583 0.061959 0.028865 0.093708
6 0.370218 0.051183 0.028865 0.093708
2 0.449598 0.408724 0.025728 0.034583