6 0.460153 0.267961 0.074046 0.066934
2 0.368455 0.401127 0.049109 0.052722
7 0.879644 0.589246 0.035768 0.120482
6 0.167213 0.142648 0.18302 0.116756
6 0.1532 0.265551 0.080522 0.087372
2 0.409036 0.400759 0.048268 0.057921
2 0.701249 0.43832 0.122728 0.072044
2 0.147873 0.806431 0.295745 0.385286
1 0.938316 0.527889 0.090361 0.138331
2 0.901845 0.436278 0.100552 0.067202
2 0.452962 0.400201 0.034463 0.052343
2 0.142972 0.464346 0.099724 0.062383
0 0.831432 0.47732 0.03932 0.179228
0 0.282467 0.416154 0.024046 0.073985