2 0.597578 0.12963 0.0251 0.053548
2 0.569239 0.107697 0.02741 0.040919
2 0.526883 0.126104 0.020909 0.03311
2 0.442796 0.173516 0.040989 0.048327
0 0.713981 0.255132 0.049573 0.242079
0 0.034921 0.318719 0.032191 0.148371
0 0.325238 0.218318 0.01506 0.085899
7 0.657191 0.293619 0.021335 0.093708
0 0.343436 0.211624 0.018825 0.070281
5 0.509833 0.139859 0.026142 0.046475
0 0.122973 0.307753 0.03932 0.165841
0 0.306313 0.215908 0.020708 0.071397
2 0.533998 0.115328 0.020909 0.03311
6 0.677899 0.07162 0.056476 0.073628