2 0.587296 0.480655 0.046637 0.05502
0 0.235505 0.458724 0.026355 0.124944
7 0.850127 0.698409 0.021335 0.093708
0 0.441276 0.470364 0.016943 0.072512
6 0.625887 0.215784 0.139307 0.117135
2 0.680421 0.468727 0.013534 0.026241
2 0.757372 0.488652 0.023203 0.033279
5 0.662086 0.475859 0.026544 0.041611
0 0.045789 0.459471 0.038065 0.156917
0 0.3015 0.497959 0.027397 0.13349
0 0.497076 0.478626 0.016943 0.072512
6 0.873076 0.468779 0.06693 0.100022
0 0.467873 0.473195 0.016943 0.072512
2 0.688493 0.459512 0.018103 0.02542
2 0.720349 0.459192 0.020464 0.03599